11.25	7.046872889	3.899252443
15	9.026611597	5.192281723
18.75	10.83141677	6.470880157
22.5	12.46793198	7.729086768
26.25	13.94325249	8.961457961
30	15.26483217	10.1630772
33.75	16.44041655	11.32960495
37.5	17.4779434	12.45725623
41.25	18.38546651	13.54280665
45	19.17108234	14.58358906
48.75	19.8428719	15.57750726
52.5	20.40879353	16.52291671
56.25	20.87667117	17.41869947
60	21.25412826	18.26419935
63.75	21.54852696	19.05914011
67.5	21.76694988	19.803629
71.25	21.916161	20.49808821
75	22.0026093	21.14328619
78.75	22.03239109	21.74023803
82.5	22.01121564	22.29008539
86.25	21.94447774	22.7942955
90	21.83716411	23.2543324
93.75	21.69394938	23.67191889
97.5	21.5191246	24.04874491
101.25	21.31667549	24.38667236
105	21.09023232	24.68748826
108.75	20.8431167	24.95299322
112.5	20.57842364	25.18525425
116.25	20.29885472	25.38586039
120	20.00695623	25.55679474
123.75	19.70499553	25.69986259
127.5	19.3949603	25.81658051
131.25	19.07873931	25.90890569
135	18.75792576	25.97827552
138.75	18.43397664	26.02625042
142.5	18.10819098	26.05435254
146.25	17.78171922	26.06404324
150	17.4555453	26.05655718
153.75	17.13058697	26.03336254
157.5	16.8075646	25.99540181
161.25	16.48719805	25.9441013
165	16.17004581	25.88044032
168.75	15.85659121	25.80536838
172.5	15.54726451	25.7198951
176.25	15.24244118	25.62504767
180	14.94237207	25.52139272
183.75	14.64732904	25.40989847
187.5	14.35751037	25.29132147
191.25	14.07303015	25.16608585
195	13.79406254	25.03521382
198.75	13.52065199	24.89903611
202.5	13.25287785	24.75827372
206.25	12.99075051	24.61330523
210	12.734286	24.46466614
213.75	12.48346732	24.31275855
217.5	12.238273	24.15804179
221.25	11.99865943	24.00088884
225	11.76456546	23.84160326
228.75	11.53591643	23.68043627
232.5	11.31265158	23.51779248
236.25	11.09470435	23.35407309
240	10.88195784	23.18930255
243.75	10.67434234	23.02390691
247.5	10.47174281	22.85795684
251.25	10.27407279	22.69176828
255	10.08120412	22.52530933
258.75	9.893041298	22.35882212
262.5	9.709499484	22.1926418
266.25	9.530456655	22.02677427
270	9.355828837	21.86154988
273.75	9.185446836	21.6965231
277.5	9.01928227	21.5324965
281.25	8.857173083	21.36905014
285	8.699050622	21.20659383
288.75	8.544788827	21.04499012
292.5	8.39428086	20.88425394
296.25	8.247440332	20.72457059
300	8.104202507	20.56631387
303.75	7.964419865	20.40904184
307.5	7.828019322	20.25299856
311.25	7.694898043	20.09811694
315	7.56497665	19.94453372
318.75	7.4381732	19.79233776
322.5	7.314403364	19.64157022
326.25	7.193580576	19.49222482
330	7.075588513	19.34396748
333.75	6.960391613	19.19725523
337.5	6.847897846	19.05195142
341.25	6.738041568	18.90816406
345	6.630756125	18.76596904
348.75	6.525916714	18.6248131
352.5	6.423511264	18.48529105
356.25	6.323470412	18.34738328
360	6.225694764	18.21072918
363.75	6.130142111	18.07554834
367.5	6.036740644	17.9417268
371.25	5.945447575	17.80943971
375	5.856190126	17.67852164
378.75	5.768924963	17.54910372
382.5	5.6836088	17.42130074
386.25	5.600137053	17.29454118
390	5.518527	17.16956263
393.75	5.438673259	17.04574658
397.5	5.360562694	16.92346707
401.25	5.28411996	16.80239746
405	5.209300579	16.68253381
408.75	5.13609204	16.56421336
412.5	5.064450466	16.44741153
416.25	4.994299468	16.3317234
420	4.925594336	16.21708169
423.75	4.858356088	16.10414732
427.5	4.792508022	15.99246823
431.25	4.728005744	15.88194119
435	4.664804691	15.77244737
438.75	4.602927826	15.66462615
442.5	4.542297504	15.55795927
446.25	4.482869234	15.4522923
450	4.424632846	15.34785349
453.75	4.367544027	15.24446858
457.5	4.311628318	15.14275939
461.25	4.256771609	15.04172405
465	4.202999751	14.94196846
468.75	4.150268569	14.84327891
472.5	4.098569573	14.7458472
476.25	4.047858542	14.64943997
480	3.9981274	14.55423704
483.75	3.949331803	14.45998542
487.5	3.901426931	14.36641658
491.25	3.854479518	14.27456707
495	3.808370837	14.18328365
498.75	3.763131033	14.09315845
502.5	3.71871552	14.00389523
506.25	3.675117539	13.91563786
510	3.632330795	13.82853007
513.75	3.590310516	13.74225202
517.5	3.549050503	13.65693561
521.25	3.508544983	13.57271262
525	3.468748869	13.48923959
528.75	3.429656397	13.40663645
532.5	3.391262199	13.32502311
536.25	3.353561284	13.24451943
540	3.316467397	13.16426329
543.75	3.280056826	13.0853407
547.5	3.244284293	13.00737263
551.25	3.209103764	12.92996416
555	3.174510346	12.85321136
558.75	3.140541672	12.77772114
562.5	3.107109347	12.70257187
566.25	3.074251337	12.62836648
570	3.041963979	12.55520111
573.75	3.01020056	12.48264505
577.5	2.978957133	12.41078244
581.25	2.948230017	12.33969748
585	2.918015795	12.26947439
588.75	2.888266826	12.19965441
592.5	2.8590241	12.13085682
596.25	2.830239886	12.06261483
600	2.80191088	11.99500071
603.75	2.774034002	11.92808677
607.5	2.746606397	11.86194537
611.25	2.719625421	11.79664895
615	2.693042118	11.73169837
618.75	2.666900196	11.66772963
622.5	2.64115051	11.60423552
626.25	2.615790334	11.54127638
630	2.59081713	11.47891265
633.75	2.566228538	11.41720481
637.5	2.54202238	11.35621342
641.25	2.518196644	11.29599913
645	2.494700576	11.23601783
648.75	2.471580809	11.17692681
652.5	2.448786304	11.11817374
656.25	2.426314784	11.05980702
660	2.404214258	11.00249674
663.75	2.382382778	10.94505237
667.5	2.360919088	10.88877
671.25	2.339771347	10.83307668
675	2.31888662	10.77738261
678.75	2.298314221	10.72236672
682.5	2.278052845	10.6680779
686.25	2.258048995	10.61391383
690	2.238353305	10.56056638
693.75	2.218964832	10.50808473
697.5	2.199829491	10.45585397
701.25	2.180945629	10.40391056
705	2.162311694	10.35229103
708.75	2.143926237	10.30103199
712.5	2.125842454	10.25085158
716.25	2.108005202	10.20111373
720	2.090358173	10.15116509
723.75	2.073010337	10.10241857
727.5	2.055850079	10.0535264
731.25	2.038931701	10.00521582
735	2.02225443	9.95752395
738.75	2.005760787	9.909775929
742.5	1.989563429	9.863428788
746.25	1.973490484	9.816370464
